15398461552
15398461540
15398384837
15398384864
15398114045
15398114044
15398080510
15398080540
15398037897
15398037885
15397987385
15397987387
15397974132
15397974129
15397801421
15397593419
15397447064
15397447051
15397289423
15397289422
15397231414
15397231412
15396982476
15396871100
15396871105
15395968585
15395968602
15395489462
15395489441
15393664920
15393664909
15393458843
15393458832
15393317352
15393317363
15393287756
15393131527
15393131260
15393081705
15393081533
15392950419
15392950584
15392837035
15392837012
15392755293
15392755316
15392709807
15392709806
15392675257
15392623185
15392623183
15392507411
15392507392
15392507409
15392210726
15392047925
15392047913
15392047931
15392047917
15391084622
15391084624
15391084611
15390972572
15390972548
15390972565
15390972546
15383241994
15383241995
15383242009
15383124443
15383036641
15382981881
15382944914
15382937478
15382879842
15382791631
15382699649
15382648213
15382643402
15382530245
15382503532
15381559764
15381257168
15381115342
15381079148
15380999356
15380924530
15380804181
15380797419
15380732857
15380648905
15380530483
15380466383